#*** SHMS RUNS ***
#file	  	  angle  p_cen beam x  tar z   spec y  spec x  targ    radlen
#name             (deg)  (MeV) off(cm) off(cm) off(cm) off(cm) len(cm) (cm)
shms_mc_c21deg5p1 21.035 5013  0.0866	0.2123	-0.057 0.127   0.2373	19.32
shms_mc_c21deg4p0 21.035 3932  0.0866	0.2123	-0.057 0.127   0.2373	19.32
shms_mc_c21deg3p3 21.035 3244  0.0866	0.2123	-0.057 0.127   0.2373	19.32
shms_mc_c21deg2p7 21.035 2654  0.0866	0.2123	-0.057 0.127   0.2373	19.32
shms_mc_c39deg2p5 38.975 2458  0.1055	0.2123	-0.057 0.127   0.2373	19.32
shms_mc_c39deg2p0 38.975 1966  0.1055	0.2123	-0.057 0.127   0.2373	19.32
shms_mc_c39deg1p6 38.975 1573  0.1055	0.2123	-0.057 0.127   0.2373	19.32
shms_mc_c39deg1p3 38.975 1278  0.1055	0.2123	-0.057 0.127   0.2373	19.32
shms_mc_c33deg3p2 32.975 3146  0.1055	0.2123	-0.057 0.127   0.2373	19.32
shms_mc_c33deg2p6 32.975 2556  0.1055	0.2123	-0.057 0.127   0.2373	19.32
shms_mc_c33deg2p1 32.975 2064  0.1055	0.2123	-0.057 0.127   0.2373	19.32
shms_mc_c33deg1p7 32.975 1671  0.1055	0.2123	-0.057 0.127   0.2373	19.32
shms_mc_c29deg3p7 28.99 3637   0.1055	0.2123	-0.057 0.127   0.2373	19.32
shms_mc_c29deg3p0 28.99 2949   0.1055	0.2123	-0.057 0.127   0.2373	19.32
shms_mc_c29deg2p4 28.99 2359   0.1055	0.2123	-0.057 0.127   0.2373	19.32
shms_mc_c29deg2p0 28.99 1966   0.1055	0.2123	-0.057 0.127   0.2373	19.32
shms_mc_c25deg4p4 24.98 4325   0.1055	0.2123	-0.057 0.127   0.2373	19.32
shms_mc_c25deg3p5 24.98 3441   0.1055	0.2123	-0.057 0.127   0.2373	19.32
shms_mc_c25deg3p0 24.98 2949   0.1055	0.2123	-0.057 0.127   0.2373	19.32
shms_mc_c25deg2p5 24.98 2458   0.1055	0.2123	-0.057 0.127   0.2373	19.32
#
#file	  	  angle  p_cen beam x  tar z   spec y  spec x  targ    radlen
#name             (deg)  (MeV) off(cm) off(cm) off(cm) off(cm) len(cm) (cm)
shms_mc_h21deg5p1 21.035 5013  0.0866	0.0573	-0.057 0.127   9.9659	890.4
shms_mc_h21deg4p0 21.035 3932  0.0866	0.0573	-0.057 0.127   9.9659	890.4
shms_mc_h21deg3p3 21.035 3244  0.0866	0.0573	-0.057 0.127   9.9659	890.4
shms_mc_h21deg2p7 21.035 2654  0.0866	0.0573	-0.057 0.127   9.9659	890.4
shms_mc_h39deg2p5 38.975 2458  0.1055	0.0573	-0.057 0.127   9.9659	890.4
shms_mc_h39deg2p0 38.975 1966  0.1055	0.0573	-0.057 0.127   9.9659	890.4
shms_mc_h39deg1p6 38.975 1573  0.1055	0.0573	-0.057 0.127   9.9659	890.4
shms_mc_h39deg1p3 38.975 1278  0.1055	0.0573	-0.057 0.127   9.9659	890.4
shms_mc_h33deg3p2 32.975 3146  0.1055	0.0573	-0.057 0.127   9.9659	890.4
shms_mc_h33deg2p6 32.975 2556  0.1055	0.0573	-0.057 0.127   9.9659	890.4
shms_mc_h33deg2p1 32.975 2064  0.1055	0.0573	-0.057 0.127   9.9659	890.4
shms_mc_h33deg1p7 32.975 1671  0.1055	0.0573	-0.057 0.127   9.9659	890.4
shms_mc_h29deg3p7 28.99 3637   0.1055	0.0573	-0.057 0.127   9.9659	890.4
shms_mc_h29deg3p0 28.99 2949   0.1055	0.0573	-0.057 0.127   9.9659	890.4
shms_mc_h29deg2p4 28.99 2359   0.1055	0.0573	-0.057 0.127   9.9659	890.4
shms_mc_h29deg2p0 28.99 1966   0.1055	0.0573	-0.057 0.127   9.9659	890.4
shms_mc_h25deg4p4 24.98 4325   0.1055	0.0573	-0.057 0.127   9.9659	890.4
shms_mc_h25deg3p5 24.98 3441   0.1055	0.0573	-0.057 0.127   9.9659	890.4
shms_mc_h25deg3p0 24.98 2949   0.1055	0.0573	-0.057 0.127   9.9659	890.4
shms_mc_h25deg2p5 24.98 2458   0.1055	0.0573	-0.057 0.127   9.9659	890.4
#
#file	  	  angle  p_cen beam x  tar z   spec y  spec x  targ    radlen
#name             (deg)  (MeV) off(cm) off(cm) off(cm) off(cm) len(cm) (cm)
shms_mc_d21deg5p1 21.035 5013  0.0866	0.067	-0.057 0.127   9.9682	769.1
shms_mc_d21deg4p0 21.035 3932  0.0866	0.067	-0.057 0.127   9.9682	769.1
shms_mc_d21deg3p3 21.035 3244  0.0866	0.067	-0.057 0.127   9.9682	769.1
shms_mc_d21deg2p7 21.035 2654  0.0866	0.067	-0.057 0.127   9.9682	769.1
shms_mc_d39deg2p5 38.975 2458  0.1055	0.067	-0.057 0.127   9.9682	769.1
shms_mc_d39deg2p0 38.975 1966  0.1055	0.067	-0.057 0.127   9.9682	769.1
shms_mc_d39deg1p6 38.975 1573  0.1055	0.067	-0.057 0.127   9.9682	769.1
shms_mc_d39deg1p3 38.975 1278  0.1055	0.067	-0.057 0.127   9.9682	769.1
shms_mc_d33deg3p2 32.975 3146  0.1055	0.067	-0.057 0.127   9.9682	769.1
shms_mc_d33deg2p6 32.975 2556  0.1055	0.067	-0.057 0.127   9.9682	769.1
shms_mc_d33deg2p1 32.975 2064  0.1055	0.067	-0.057 0.127   9.9682	769.1
shms_mc_d33deg1p7 32.975 1671  0.1055	0.067	-0.057 0.127   9.9682	769.1
shms_mc_d29deg3p7 28.99 3637   0.1055	0.067	-0.057 0.127   9.9682	769.1
shms_mc_d29deg3p0 28.99 2949   0.1055	0.067	-0.057 0.127   9.9682	769.1
shms_mc_d29deg2p4 28.99 2359   0.1055	0.067	-0.057 0.127   9.9682	769.1
shms_mc_d29deg2p0 28.99 1966   0.1055	0.067	-0.057 0.127   9.9682	769.1
shms_mc_d25deg4p4 24.98 4325   0.1055	0.067	-0.057 0.127   9.9682	769.1
shms_mc_d25deg3p5 24.98 3441   0.1055	0.067	-0.057 0.127   9.9682	769.1
shms_mc_d25deg3p0 24.98 2949   0.1055	0.067	-0.057 0.127   9.9682	769.1
shms_mc_d25deg2p5 24.98 2458   0.1055	0.067	-0.057 0.127   9.9682	769.1
