#****  SHMS RUNS *****
#file	  	  angle  p_cen beam x  tar z   spec y  spec x  targ    radlen
#name             (deg)  (MeV) off(cm) off(cm) off(cm) off(cm) len(cm) (cm)
shms_mc_c26deg1p77  26.00  1770  0.00   0.00   0.00   0.00   0.2373  19.32
shms_mc_c26deg2p2  26.00  2200  0.00   0.00   0.00   0.00   0.2373  19.32
shms_mc_c26deg2p77  26.00  2770  0.00   0.00   0.00   0.00   0.2373  19.32
shms_mc_c26deg3p47  26.00  3470  0.00   0.00   0.00   0.00   0.2373  19.32
shms_mc_c26deg4p33  26.00  4330  0.00   0.00   0.00   0.00   0.2373  19.32
shms_mc_c26deg5p42  26.00  5420  0.00   0.00   0.00   0.00   0.2373  19.32
shms_mc_c35deg1p03  35.00  1030  0.00   0.00   0.00   0.00   0.2373  19.32
shms_mc_c35deg1p28  35.00  1280  0.00   0.00   0.00   0.00   0.2373  19.32
shms_mc_c35deg1p6  35.00  1600  0.00   0.00   0.00   0.00   0.2373  19.32
shms_mc_c35deg2p0  35.00  2000  0.00   0.00   0.00   0.00   0.2373  19.32
shms_mc_c35deg2p5  35.00  2500  0.00   0.00   0.00   0.00   0.2373  19.32
shms_mc_c35deg3p13  35.00  3130  0.00   0.00   0.00   0.00   0.2373  19.32
shms_mc_c35deg3p92  35.00  3920  0.00   0.00   0.00   0.00   0.2373  19.32

#
#file	  	  angle  p_cen beam x  tar z   spec y  spec x  targ    radlen
#name             (deg)  (MeV) off(cm) off(cm) off(cm) off(cm) len(cm) (cm)
shms_mc_d26deg1p77  26.00  1770  0.00   0.00   0.00   0.00   9.9682  769.1
shms_mc_d26deg2p2  26.00  2200  0.00   0.00   0.00   0.00   9.9682  769.1
shms_mc_d26deg2p77  26.00  2770  0.00   0.00   0.00   0.00   9.9682  769.1
shms_mc_d26deg3p47  26.00  3470  0.00   0.00   0.00   0.00   9.9682  769.1
shms_mc_d26deg4p33  26.00  4330  0.00   0.00   0.00   0.00   9.9682  769.1
shms_mc_d26deg5p42  26.00  5420  0.00   0.00   0.00   0.00   9.9682  769.1
shms_mc_d35deg1p03  35.00  1030  0.00   0.00   0.00   0.00   9.9682  769.1
shms_mc_d35deg1p28  35.00  1280  0.00   0.00   0.00   0.00   9.9682  769.1
shms_mc_d35deg1p6  35.00  1600  0.00   0.00   0.00   0.00   9.9682  769.1
shms_mc_d35deg2p0  35.00  2000  0.00   0.00   0.00   0.00   9.9682  769.1
shms_mc_d35deg2p5  35.00  2500  0.00   0.00   0.00   0.00   9.9682  769.1
shms_mc_d35deg3p13  35.00  3130  0.00   0.00   0.00   0.00   9.9682  769.1
shms_mc_d35deg3p92  35.00  3920  0.00   0.00   0.00   0.00   9.9682  769.1
