#****  HMS RUNS *****
#file	  	  angle  p_cen beam x  tar z   spec y  spec x  targ    radlen
#name             (deg)  (MeV) off(cm) off(cm) off(cm) off(cm) len(cm) (cm)
hms_mc_c26deg5p41  26.00  5410  0.00   0.00   0.00   0.00   0.2373  19.32
hms_mc_c26deg4p77  26.00  4770  0.00   0.00   0.00   0.00   0.2373  19.32
hms_mc_c26deg4p19  26.00  4190  0.00   0.00   0.00   0.00   0.2373  19.32
hms_mc_c26deg3p69  26.00  3690  0.00   0.00   0.00   0.00   0.2373  19.32
hms_mc_c26deg3p24  26.00  3240  0.00   0.00   0.00   0.00   0.2373  19.32
hms_mc_c26deg2p85  26.00  2850  0.00   0.00   0.00   0.00   0.2373  19.32
hms_mc_c26deg2p51  26.00  2510  0.00   0.00   0.00   0.00   0.2373  19.32
hms_mc_c26deg2p21  26.00  2210  0.00   0.00   0.00   0.00   0.2373  19.32
hms_mc_c26deg1p95  26.00  1950  0.00   0.00   0.00   0.00   0.2373  19.32
hms_mc_c35deg3p92  35.00  3920  0.00   0.00   0.00   0.00   0.2373  19.32
hms_mc_c35deg3p44  35.00  3440  0.00   0.00   0.00   0.00   0.2373  19.32
hms_mc_c35deg3p03  35.00  3030  0.00   0.00   0.00   0.00   0.2373  19.32
hms_mc_c35deg2p67  35.00  2670  0.00   0.00   0.00   0.00   0.2373  19.32
hms_mc_c35deg2p35  35.00  2350  0.00   0.00   0.00   0.00   0.2373  19.32
hms_mc_c35deg2p07  35.00  2070  0.00   0.00   0.00   0.00   0.2373  19.32
hms_mc_c35deg1p82  35.00  1820  0.00   0.00   0.00   0.00   0.2373  19.32
hms_mc_c35deg1p60  35.00  1600  0.00   0.00   0.00   0.00   0.2373  19.32
hms_mc_c35deg1p41  35.00  1410  0.00   0.00   0.00   0.00   0.2373  19.32
hms_mc_c35deg1p24  35.00  1240  0.00   0.00   0.00   0.00   0.2373  19.32
#
#file	  	  angle  p_cen beam x  tar z   spec y  spec x  targ    radlen
#name             (deg)  (MeV) off(cm) off(cm) off(cm) off(cm) len(cm) (cm)
hms_mc_d26deg5p41  26.00  5410  0.00   0.00   0.00   0.00   9.9682  769.1
hms_mc_d26deg4p77  26.00  4770  0.00   0.00   0.00   0.00   9.9682  769.1
hms_mc_d26deg4p19  26.00  4190  0.00   0.00   0.00   0.00   9.9682  769.1
hms_mc_d26deg3p69  26.00  3690  0.00   0.00   0.00   0.00   9.9682  769.1
hms_mc_d26deg3p24  26.00  3240  0.00   0.00   0.00   0.00   9.9682  769.1
hms_mc_d26deg2p85  26.00  2850  0.00   0.00   0.00   0.00   9.9682  769.1
hms_mc_d26deg2p51  26.00  2510  0.00   0.00   0.00   0.00   9.9682  769.1
hms_mc_d26deg2p21  26.00  2210  0.00   0.00   0.00   0.00   9.9682  769.1
hms_mc_d26deg1p95  26.00  1950  0.00   0.00   0.00   0.00   9.9682  769.1
hms_mc_d35deg3p92  35.00  3920  0.00   0.00   0.00   0.00   9.9682  769.1
hms_mc_d35deg3p44  35.00  3440  0.00   0.00   0.00   0.00   9.9682  769.1
hms_mc_d35deg3p03  35.00  3030  0.00   0.00   0.00   0.00   9.9682  769.1
hms_mc_d35deg2p67  35.00  2670  0.00   0.00   0.00   0.00   9.9682  769.1
hms_mc_d35deg2p35  35.00  2350  0.00   0.00   0.00   0.00   9.9682  769.1
hms_mc_d35deg2p07  35.00  2070  0.00   0.00   0.00   0.00   9.9682  769.1
hms_mc_d35deg1p82  35.00  1820  0.00   0.00   0.00   0.00   9.9682  769.1
hms_mc_d35deg1p60  35.00  1600  0.00   0.00   0.00   0.00   9.9682  769.1
hms_mc_d35deg1p41  35.00  1410  0.00   0.00   0.00   0.00   9.9682  769.1
hms_mc_d35deg1p24  35.00  1240  0.00   0.00   0.00   0.00   9.9682  769.1
